instance0:
arrange:
[[ 7  4  8  2 10  6  0  3  9  5  1]
 [ 7  4  2 10  8  3  6  0  9  5  1]
 [ 7  4  2 10  8  3  6  9  5  0  1]
 [ 7  4  2 10  8  3  6  9  0  5  1]
 [ 7  4  2 10  3  8  6  0  9  5  1]]
instance1:
arrange:
[[6 2 0 7 4 5 1 3]
 [6 2 0 7 4 5 1 3]
 [6 2 7 0 4 1 5 3]
 [6 2 7 0 4 1 5 3]
 [6 2 7 0 4 1 5 3]
 [6 2 7 0 4 1 5 3]
 [6 2 0 7 4 1 5 3]
 [6 2 0 7 4 1 5 3]]
instance2:
arrange:
[[ 6  2  3  7  1 10 11  8  0 12  4  9  5]
 [ 6  2  3  7 10  1  8 12  0 11  4  9  5]
 [ 6  2  3  7 10  1  8 12  0 11  4  5  9]
 [ 6  2  3  7 10  1  8  0 12 11  4  5  9]]
instance3:
arrange:
[[11 10  5  4  2  9  8  1  3  6  7  0]
 [10 11  5  4  2  9  8  1  3  6  7  0]
 [10 11  5  4  9  2  8  1  3  6  7  0]
 [10 11  5  4  9  2  8  1  3  6  7  0]
 [10 11  5  4  9  2  8  1  3  6  7  0]]
instance4:
arrange:
[[ 3 12 13  6  5 11  0  8  9  2  1  7 10  4]
 [ 3 13  6 12  5  0  8  2 11  9  1 10  7  4]
 [ 3 13  6 12  5  0 11  8  9 10  1  2  7  4]
 [ 3 13  6 12  5  0 11  8  1 10  2  9  7  4]]
instance5:
arrange:
[[4 1 0 2 3 7 9 5 8 6]
 [4 1 0 3 2 7 9 5 8 6]
 [1 4 3 0 2 7 9 5 8 6]
 [1 4 3 2 0 9 5 7 8 6]
 [1 3 4 2 0 9 5 7 8 6]
 [1 3 4 2 0 9 5 7 8 6]]
instance6:
arrange:
[[13  1 15  8 11 10 18  7 19  3 12  2  9  4 14 16  0 17  5  6]
 [13  1 15  8 11 10 18  7 19  3 12  2  9  4 14  0 17 16  5  6]
 [13 15  1  8 11 10 18  7  3 19 12  2  9  4 14  0 17 16  6  5]
 [13  1 15  8 11 10 18  7 19  3 12  2  9  4 14  0 17 16  6  5]
 [13  1 15  8 11 10 18 19  7  3 12  2  9  4 14  0 17 16  6  5]
 [13  8 15  1 11 10 19 18  7  3 12  2  9  4 14  0 17 16  6  5]
 [13 15  1  8 11 10 19 18  7  3 12  2  9  4 14  0 17 16  6  5]
 [13  1 15  8 11 19 10 18  7  3 12  2  9  4 14  0 17 16  6  5]
 [13 15  8 11  1 19 18 10  3  7 12  2  9  4 14  0 17 16  6  5]
 [ 8 15  1 13 19 11 18  3 10  7 12  2  9  4 14  0 16 17  6  5]]
instance7:
arrange:
[[11  4  5 12 14  8 19  0 18 13 16  7  2 10 15  1  9 17  3  6]
 [11  4 12  5 14  8 19  0 18 13 16  7  2 10 15  1  9  3 17  6]
 [11  4 12  5  8 14 19  0 18 13 16  7  2 10 15  1  9  3  6 17]
 [11  4 12  8 14  5 19  0 13 18 16  7  2 10 15  1  9  3 17  6]
 [11  4 12  8 14  5  0 19 13 18 16  7  2 15 10  1  9  3 17  6]
 [11  4 12  8 14  0  5 19 13 18 16  7  2 10 15  1  9  3 17  6]
 [11  4 12  8 14  0  5 19 13 18 16  7  2  1 15 10  9  3 17  6]
 [11  4 12  8 14  0  5 19 13 18 16  7  2 15  1  9 10  3 17  6]
 [11  4 12  8 14  0  5 19 13 18 16  7  2 15  1  9 10 17  3  6]
 [11  4 12  8 14  0  5 19 13 18 16  7 15  2  1  9 10 17  3  6]
 [11  4 12  8 14  5  0 19 13 18 16  7  2  1 15  9 10 17  3  6]
 [11  4 12  8 14  5  0 19 13 18 16  7  2  1 15  9 10 17  6  3]
 [11  4 12  8 14  5  0 19 13 18  7 16  2  1 15  9 10 17  6  3]
 [11  4 12  8 14  5  0 19 13 18  7 16  2 15  1  9 10 17  6  3]
 [11  4 12  8 14  5  0 19 13 18  7 16  2 15  1  9 10 17  6  3]]
instance8:
arrange:
[[13  5  0  1  6 10 14  2  7 18 16  4  8  3  9 15 12 11 17 19]
 [13  5  0  1  6 10 14  2 18 16  7  8  4  3  9 15 11 12 17 19]
 [13  5  0  1  6 10 14  2 18 16  4  7  8  3  9 15 11 12 17 19]
 [ 5 13  1  0  6 10  2 18 14 16  4  7  3  8  9 15 11 12 17 19]
 [ 5 13  1  0 10  6  2 14 16  4  7  3 18  9  8 15 11 12 17 19]]
instance9:
arrange:
[[12 17 19  7  3 16 18 14  8 11 10  9  2 13  1  6  5  4 15  0]
 [12 17 19  3 16  7 18 14 11  8 10  2  9 13  1  6  5  0  4 15]
 [12 17 16 19  3  7 18  8 11 10  2 14 13  9  1  6  4  0 15  5]
 [12 17 16 19  3  7 18  8 11 10  2 14 13  9  1  6  0  5 15  4]
 [12 17 16 19  3  7 18  8 11 10  2 14 13  1  9  6  0 15  5  4]
 [12 17 16 19  3  7 18  8 11 10  2 14 13  9  1  6  0 15  5  4]
 [12 17 16 19  3  7 18  8 11 10  2 14 13  1  9  6  0 15  5  4]
 [12 17 16 19  3  7 18  8 11 10  2 14 13  1  9  6  0 15  5  4]
 [12 17 16 19  3  7 18  8 11 10  2 14 13  1  9  6  0 15  5  4]
 [12 17 19 16  3  7 18  8 11 10  2 14 13  1  9  6  0 15  5  4]
 [12 17 19 16  3  7 18  8 11 10  2 14 13  1  9  6  0 15  5  4]
 [12 17 19 16  3  7 18  8 11 14 10  2 13  1  9  6  0 15  5  4]
 [12 17 16  3  7 19 18  8 11 10 14  2 13  9  1  6  0 15  5  4]
 [12 17 16  3  7 18  8 19 11 10 14  2 13  9  1  6 15  5  0  4]
 [17 16 12 18 11  3 19  7 10  8 14  2 13  9  1  6 15  5  0  4]]
instance10:
arrange:
[[12 49 13 39 38 41  5 40  8 26  1 24  6 32  2  4 17 35 16 14 43 46 31 19
  34 20 10 33  7 44 21 18 28 15 11 37  9  3 25 22 36 29  0 42 27 47 48 23
  45 30]
 [12 13 39 38 41 49  5 40  8 26  6  1 32 24  2  4 17 35 16 43 19 46 14 34
  10 20  7 33 21 28 44 15 31 11  9 25 37 22  3 29 18  0 36 42 47 27 48 23
  45 30]
 [12 13 39 38 41 49  5 40  8 26  6 32  2  1 24  4 35 17 16 43 46 19 34 14
  20  7 33 10 28 21 15 44 31 11  9 25 22 37  3 29 18 36 42  0 27 47 48 23
  45 30]
 [12 13 39 38  5 49 41 40 26  8  6  2  4 32 24 35  1 17 16 43 46 19 14 20
  34  7 10 33 28 15 21 31  9 11 44 25 37 22  3 29 18 36 42  0 48 47 45 27
  23 30]
 [12 13 39 38  5 49 41 26  8  6  4  2 40 24 32 35  1 17 16 43 19 14 46 34
   7 10 33 20 28 21 15 31  9 11 44 25 37 22  3 18 42 36 29 48 47  0 45 27
  23 30]
 [12 13 39  5 38 49 41 26  8  6  4  2 24 40  1 32 35 17 16 14 43  7 19 34
  46 10 20 33 21 15 31 28  9 11 44 25 37 22  3 18 42 36 29 48  0 47 45 27
  23 30]
 [12 13 39  5 38 49 41 26  8  4  2 24  6  1 40 32 35 17 16 14 43  7 19 46
  10 34 20 33 15 21 31  9 28 11 44 25 22 37  3 42 18 36  0 29 47 48 45 27
  23 30]
 [12 38 39 49  5 13 26  8 41  4  1  6 40  2 32 35 17 24 14 16 43  7 19 20
  33 10 15 34  9 28 31 11 25 44 46 21 37 22  3 42 18  0 36 29 45 47 48 27
  23 30]
 [12 39 38  5 13 49 26 41  4  8 40  1  6  2 32 24 17 16 43 14 35 33  7 19
  10 34 20 15 31 28 11 44  9 46 25 37 22  3 42 18  0 21 36 47 45 48 23 29
  27 30]
 [39  5 13 49 26 41  4 40  1  8  6  2 32 17 24 16 14 35 33 43 12 19 34 15
   7 10 11 38 44 25 28 22 31 46  9 37  3 42 18 20  0 21 36 47 45 23 29 27
  48 30]]